f1 = 0.8879273041973172
loss = 0.16554812285566173
precision = 0.8724489795918368
recall = 0.9039647577092511
