f1 = 0.8554621848739496
loss = 0.20385928641330792
precision = 0.8476269775187344
recall = 0.8634435962680237
