f1 = 0.7192118226600985
loss = 0.3715570170602644
precision = 0.687382297551789
recall = 0.7541322314049587
