f1 = 0.7259259259259261
loss = 0.406041926207763
precision = 0.725925925925926
recall = 0.725925925925926
