f1 = 0.8887706226716339
loss = 0.10801625596696492
precision = 0.8697916666666666
recall = 0.9085963003264418
