f1 = 0.8571428571428572
loss = 0.20391248180524263
precision = 0.8444444444444444
recall = 0.8702290076335878
