f1 = 0.793463458919655
loss = 0.25777287517958986
precision = 0.7931034482758621
recall = 0.7938237965485921
