f1 = 0.898180029513035
loss = 0.07244017186248028
precision = 0.8670465337132004
recall = 0.9316326530612244
