f1 = 0.862298195631529
loss = 0.10716621205210686
precision = 0.8470149253731343
recall = 0.8781431334622823
