f1 = 0.7287084038353073
loss = 0.16502934909964861
precision = 0.6909090909090909
recall = 0.7708830548926014
