f1 = 0.6873156342182891
loss = 0.2165055846174558
precision = 0.6812865497076024
recall = 0.6934523809523809
