f1 = 0.8790322580645161
loss = 0.06689415092727072
precision = 0.8685258964143426
recall = 0.889795918367347
