f1 = 0.8805460750853242
loss = 0.11039862889600427
precision = 0.8733075435203095
recall = 0.887905604719764
