f1 = 0.7535287730727471
loss = 0.134939027165896
precision = 0.7312961011591148
recall = 0.7771556550951848
