f1 = 0.7256637168141592
loss = 0.37829219466971514
precision = 0.7167832167832168
recall = 0.7347670250896058
