f1 = 0.8964346349745332
loss = 0.20619394926040474
precision = 0.8698517298187809
recall = 0.9246935201401051
