f1 = 0.8494176372712146
loss = 0.22406183987113765
precision = 0.833469387755102
recall = 0.8659881255301103
