f1 = 0.7115666178623719
loss = 0.34099835076744966
precision = 0.6743755781683626
recall = 0.753099173553719
