f1 = 0.71
loss = 0.4176194280178909
precision = 0.7189873417721518
recall = 0.7012345679012346
