f1 = 0.8721804511278195
loss = 0.12211289863634496
precision = 0.8610816542948038
recall = 0.8835690968443961
