f1 = 0.8759850684363334
loss = 0.20843507568331102
precision = 0.8571428571428571
recall = 0.8956743002544529
