f1 = 0.7705667276051189
loss = 0.28073853601458004
precision = 0.7560538116591928
recall = 0.7856477166821995
