f1 = 0.720175920835624
loss = 0.16917991128407026
precision = 0.6676860346585117
recall = 0.7816229116945107
