f1 = 0.7407407407407407
loss = 0.2121587594350179
precision = 0.7374631268436578
recall = 0.7440476190476191
